   0.172629   -0.168946
    0.17465   -0.160634
   0.101298   -0.158153
   0.174681   -0.152072
   0.174415   -0.143187
   0.172846  -0.0889568
   0.115904  -0.0855352
  0.0912509  -0.0840527
   0.166261  -0.0744426
   0.116369  -0.0714427
  0.0842872  -0.0694491
  0.0888762  -0.0503746
  0.0945262  -0.0503159
  0.0558829  -0.0375891
  -0.230676  -0.0338527
  -0.238481  -0.0315014
   -0.12235  -0.0225333
   0.109829  -0.0226749
   0.113281  -0.0182559
   0.096689  -0.0133556
   0.073383 -0.00816631
   0.106606  0.00484532
  -0.350896   0.0539171
 -0.0374283   0.0205812
    0.10146   -0.158629
   0.174465   -0.152203
   0.173169   -0.142078
  0.0695503   -0.138126
  0.0623788   -0.137226
   0.100956   -0.129709
  0.0651216   -0.121123
  0.0505549   -0.119708
  0.0469272   -0.104536
  0.0783755  -0.0952591
   0.116488  -0.0861446
  0.0807073  -0.0839891
  0.0489998   -0.082599
  0.0595015  -0.0827126
   0.172692   -0.074296
    0.11647    -0.07115
  0.0851826  -0.0691518
  0.0563368   -0.067749
  0.0947329  -0.0673051
  0.0898246   -0.051101
  0.0934471  -0.0511057
  0.0866424  -0.0449094
   0.084904  -0.0400171
   0.101565  -0.0386797
  -0.215333  -0.0308982
  0.0933006  -0.0288405
  0.0954871  -0.0233284
   0.109057   -0.023499
   0.100784  -0.0185744
   0.113067  -0.0181392
  0.0835751 -0.00960058
  0.0859876 -0.00208151
  0.0384025  0.00395966
   0.126092  0.00387067
   0.175024   0.0044378
  0.0230515  0.00923288
   0.100022   0.0224723
   0.112101    0.044394
  -0.366566   0.0592824
  -0.351741    0.060742
   0.169892   -0.140626
  0.0709291   -0.138468
   0.101704   -0.128783
  0.0694847   -0.109697
   0.118334  -0.0879619
   0.089298  -0.0862386
  0.0572192  -0.0844228
   0.151616  -0.0721244
     0.1165  -0.0696843
  0.0881238  -0.0676249
  0.0913822  -0.0535281
  0.0860322  -0.0436881
    0.10243  -0.0373502
  0.0948113  -0.0263168
   0.101787  -0.0187992
  0.0842626  -0.0116139
    0.12285  -0.0115297
   0.170009  -0.0118453
   0.162666 -0.00231749
  0.0893037  0.00605422
   0.109584   0.0177832
   0.100088   0.0211802
  0.0279859   0.0272846
   0.114666   0.0463613
    0.26591    0.111883
   0.168397   -0.142105
   0.102757   -0.127676
  0.0695005   -0.111243
  0.0863834  -0.0878575
  0.0548307  -0.0866352
   0.129366  -0.0816925
  0.0784346  -0.0759867
   0.167811  -0.0718634
   0.160213  -0.0697929
   0.115294  -0.0677852
  0.0498266  -0.0643008
   0.170638  -0.0516218
  -0.126102  -0.0220358
   0.160021 -0.00334448
   0.119867 0.000851929
  0.0881439  0.00798136
   0.117698  -0.0300551
   0.105479  -0.0813487
   0.160772  -0.0611638
   0.123864  -0.0593433
  0.0796327  -0.0228985
   0.124046  -0.0239459
