   0.215445   -0.161694
   0.217544   -0.153502
   0.140692   -0.150194
    0.21757   -0.144389
   0.217332   -0.135676
   0.215579  -0.0784456
   0.155721  -0.0746314
   0.130674  -0.0731601
   0.208823  -0.0633392
   0.156509  -0.0604849
   0.123076  -0.0574325
   0.127966  -0.0375216
   0.134172   -0.037617
  0.0940589  -0.0252443
  -0.202046  -0.0180985
  -0.209825  -0.0157676
 -0.0899582 -0.00807905
   0.150505 -0.00943452
   0.153987 -0.00507319
   0.136428 0.000398815
   0.112691  0.00411099
   0.147034   0.0184264
   -0.32494   0.0733727
-0.00229269   0.0342221
   0.140901   -0.150697
   0.217327   -0.144594
     0.2166   -0.134687
   0.107122   -0.129462
   0.100213   -0.128179
   0.140245   -0.121488
   0.103068   -0.111381
  0.0881966   -0.109931
  0.0843341  -0.0936787
   0.116898  -0.0845798
   0.156332  -0.0752873
   0.118739  -0.0732366
  0.0866159  -0.0717034
  0.0976709  -0.0717597
    0.21554  -0.0630812
   0.156597  -0.0600418
   0.124004   -0.057124
   0.094488  -0.0560002
   0.134192  -0.0549883
   0.128635  -0.0383383
   0.133441  -0.0384362
   0.125804  -0.0321429
   0.124059  -0.0269418
   0.141245  -0.0260205
  -0.186301  -0.0152805
   0.132888  -0.0154741
   0.135096 -0.00998098
   0.149632  -0.0102248
   0.140388 -0.00498378
   0.153629 -0.00488424
   0.123239  0.00292128
   0.125612   0.0104862
  0.0761904   0.0166653
   0.166902   0.0180958
   0.218816   0.0193046
  0.0600418   0.0225683
   0.140353   0.0372345
   0.152897   0.0595676
  -0.341382   0.0790055
  -0.325906   0.0802283
   0.212394   -0.132776
   0.108912   -0.129552
   0.141045   -0.120503
   0.107885  -0.0993574
    0.15856  -0.0770833
   0.128432  -0.0753298
  0.0955576  -0.0734168
   0.193452  -0.0607356
   0.156767  -0.0585607
   0.126426  -0.0561084
   0.130775   -0.040763
   0.125205  -0.0307088
   0.142333  -0.0246651
   0.134527  -0.0129589
   0.141851 -0.00547034
   0.123636 0.000966907
   0.163369  0.00138187
   0.212994  0.00159347
   0.203189   0.0106286
    0.12913   0.0191077
   0.150214   0.0321003
   0.140466   0.0358434
  0.0655626   0.0406763
   0.155518   0.0614887
    0.32948    0.167825
   0.211013   -0.134409
   0.142272   -0.119301
   0.107884    -0.10079
   0.125162   -0.076902
  0.0926916  -0.0757059
   0.170146  -0.0706986
   0.117196  -0.0643313
   0.210355   -0.060949
   0.202642  -0.0585983
   0.155652  -0.0566143
  0.0882761  -0.0529377
   0.212803  -0.0397055
 -0.0937645 -0.00749362
   0.203189   0.0106286
   0.161102   0.0137035
   0.128152   0.0208012
   0.157996  -0.0167085
   0.145497  -0.0704849
   0.203135  -0.0506167
   0.163465  -0.0483835
   0.119339  -0.0100836
   0.163419  -0.0109121
