  -0.173724   -0.312209
 -0.0675908   -0.282089
  -0.107554   -0.220642
  -0.145283   -0.209046
  -0.124974   -0.147434
  0.0912509  -0.0840527
  -0.230676  -0.0338527
  -0.215784  -0.0305893
   0.121442 -0.00903457
   0.073383 -0.00816631
  -0.366647   0.0602448
  -0.209631   -0.410325
  0.0300903   -0.321853
 -0.0670083   -0.282004
 -0.0525216    -0.28137
  -0.139052   -0.277814
   0.024418   -0.255711
  -0.133863   -0.222394
  -0.145115   -0.207222
    0.10146   -0.158629
   0.100956   -0.129709
  0.0505549   -0.119708
  0.0469272   -0.104536
  0.0783755  -0.0952591
   0.116488  -0.0861446
  0.0947329  -0.0673051
  -0.123055    -0.02214
  0.0287314  -0.0169256
  0.0330608  -0.0114211
  0.0555098 -0.00200343
  -0.176494   -0.314338
  0.0960056   -0.297723
 -0.0648063   -0.281882
  -0.139664   -0.277855
  0.0345511   -0.255738
   -0.12621   -0.147425
  0.0709291   -0.138468
  0.0316975    -0.13513
   0.101704   -0.128783
  0.0948113  -0.0263168
  -0.124544  -0.0219026
  -0.366914   0.0574761
  -0.166595   -0.313635
  -0.237032   -0.301879
  -0.178808    -0.29162
  -0.175142   -0.290565
  0.0302823    -0.25551
  -0.129615   -0.220751
  -0.111491   -0.217828
  0.0329669   -0.216259
  -0.248893  -0.0337373
  0.0881439  0.00798136
  -0.170987   -0.313859
  -0.141643   -0.278926
    0.03032   -0.255635
   -0.11506   -0.214963
  0.0379916    -0.13523
   -0.11472   -0.199593
  -0.166942    -0.28591
