   0.101923   -0.291309
   0.212049   -0.270404
   0.170704   -0.204544
   0.131164   -0.190591
   0.152041   -0.127715
   0.390436  -0.0690711
  0.0453108 -0.00855756
  0.0598768 -0.00577295
   0.425067    0.012887
   0.370185   0.0123867
 -0.0817637   0.0839993
  0.0628783   -0.383202
    0.31867   -0.318448
   0.212632   -0.270389
   0.228402   -0.270958
   0.137611   -0.260725
   0.312767   -0.250897
   0.142721   -0.204444
   0.131331   -0.188194
   0.401554    -0.15077
   0.401158   -0.119087
   0.343089   -0.106085
   0.338891  -0.0890546
   0.374557  -0.0807373
   0.418635  -0.0715318
   0.394498  -0.0500778
   0.153576  0.00022465
   0.318455  0.00393116
   0.323656  0.00916272
   0.348628   0.0181984
    0.09898   -0.292827
   0.394731   -0.300071
   0.214765    -0.27045
   0.137015    -0.26072
   0.325158   -0.251641
    0.15092   -0.127549
   0.365569   -0.127453
   0.322555   -0.124541
   0.401646   -0.118601
   0.394821 -0.00428909
   0.151913 0.000607491
 -0.0822527   0.0811852
   0.108735   -0.292888
  0.0391271   -0.275935
  0.0985471   -0.270581
  0.0985471   -0.270581
    0.31765   -0.250743
   0.147089   -0.202887
   0.166512   -0.201274
   0.322602   -0.210607
  0.0290644 -0.00691378
   0.387551   0.0298962
   0.104194     -0.2928
   0.134636   -0.261549
   0.319735   -0.251364
   0.163109   -0.198369
   0.327929   -0.124031
    0.16348   -0.181488
   0.102113   -0.267058
