   0.329317   0.0223843
  0.0888762  -0.0503746
  0.0945262  -0.0503159
  0.0852723  -0.0397258
  -0.238481  -0.0315014
   -0.12235  -0.0225333
   0.109829  -0.0226749
   0.100219   -0.018411
   0.113281  -0.0182559
   0.096689  -0.0133556
   0.073383 -0.00816631
  0.0378578  0.00387633
  -0.350896   0.0539171
 -0.0374283   0.0205812
  0.0563368   -0.067749
  0.0898246   -0.051101
  0.0934471  -0.0511057
   0.084904  -0.0400171
   0.101565  -0.0386797
  -0.230525  -0.0336239
  -0.215333  -0.0308982
  0.0933006  -0.0288405
  0.0954871  -0.0233284
  0.0884696  -0.0231323
  -0.123055    -0.02214
   0.100784  -0.0185744
   0.113067  -0.0181392
  0.0287314  -0.0169256
  0.0330608  -0.0114211
  0.0560027 -0.00941324
  0.0384025  0.00395966
   0.126092  0.00387067
   0.107028  0.00461406
   0.175024   0.0044378
  0.0230515  0.00923288
   0.107573   0.0155397
  -0.351741    0.060742
  0.0446414  -0.0665978
    0.10243  -0.0373502
  -0.247607  -0.0326013
  0.0948113  -0.0263168
   0.101787  -0.0187992
    0.12285  -0.0115297
   0.170009  -0.0118453
   0.109052  0.00425142
  0.0893037  0.00605422
   0.109584   0.0177832
    0.26591    0.111883
  0.0498266  -0.0643008
  -0.248893  -0.0337373
  -0.126102  -0.0220358
   0.124382   -0.013558
   0.119867 0.000851929
  0.0881439  0.00798136
