  0.0703963   -0.288225
   0.177426    -0.26614
    0.19413   -0.266741
   0.096312   -0.187628
   0.359106    -0.11587
   0.376049  -0.0676381
   0.350443  -0.0661316
   0.376485  -0.0537859
   0.353884  -0.0288351
  0.0129747 -0.00849748
 0.00541759 -0.00615591
   0.027231 -0.00547212
  0.0647996   -0.290048
  0.0809616   -0.290189
    0.35799   -0.293685
   0.178038   -0.266169
   0.193761   -0.266708
   0.392338   -0.266587
    0.27529   -0.245773
    0.10806     -0.2012
   0.096507   -0.185032
   0.107366   -0.173107
   0.360331    -0.14636
   0.116757   -0.125394
   0.359935   -0.114979
    0.30401   -0.102892
   0.376603  -0.0684851
   0.352923  -0.0473107
   0.353087  -0.0297384
   0.360713  -0.0179507
   0.119561 0.000989437
  0.0672894   -0.289922
    0.18027   -0.266234
   0.102801   -0.257176
   0.383406   -0.268818
   0.286658   -0.246476
  0.0979922    -0.18507
   0.115927   -0.125375
   0.326351    -0.12367
   0.360345   -0.114495
   0.325594  -0.0917552
   0.378884  -0.0702942
   0.347182  -0.0685926
   0.377249  -0.0519834
 0.00795081 -0.00606692
   0.117824  0.00150096
   0.372478   0.0458289
 0.00648052   -0.273423
   0.065246   -0.267401
   0.065246   -0.267401
   0.281042   -0.245839
   0.112559   -0.199589
   0.131268   -0.197917
    0.37562  -0.0497734
   0.116241  0.00137436
  0.0727054   -0.289827
   0.185606   -0.266357
   0.100888    -0.25789
   0.281936   -0.246176
   0.288029   -0.120384
   0.128269   -0.178609
  0.0973521   -0.258511
