  -0.173724   -0.312209
 -0.0675908   -0.282089
 -0.0522067   -0.281333
  -0.107554   -0.220642
  -0.145488    -0.20556
   0.100584   -0.129841
   0.115904  -0.0855352
  0.0912509  -0.0840527
   0.166261  -0.0744426
   0.116369  -0.0714427
  0.0945262  -0.0503159
  -0.230676  -0.0338527
  -0.238481  -0.0315014
  -0.215784  -0.0305893
  0.0953649  -0.0225168
  -0.125018   -0.354918
  -0.179179   -0.314843
  0.0195602   -0.305657
 -0.0670083   -0.282004
   0.024418   -0.255711
  0.0367577    -0.25579
  -0.133863   -0.222394
  -0.145115   -0.207222
  -0.134504   -0.195199
  -0.108406    -0.19363
    0.10146   -0.158629
   -0.12527   -0.147399
  0.0695503   -0.138126
   0.100956   -0.129709
  0.0505549   -0.119708
   0.116488  -0.0861446
  0.0595015  -0.0827126
   0.107422  -0.0716184
  0.0947329  -0.0673051
  0.0934471  -0.0511057
   0.101565  -0.0386797
  -0.246246  -0.0314121
  -0.238109  -0.0316522
  -0.215333  -0.0308982
  -0.123055    -0.02214
  0.0286515   0.0151032
  -0.367224   0.0532942
  -0.366566   0.0592824
 -0.0648063   -0.281882
   0.120947   -0.272073
  0.0345511   -0.255738
  -0.109701   -0.219318
  -0.143834   -0.207121
   -0.12621   -0.147425
  0.0709291   -0.138468
   0.101704   -0.128783
  0.0694847   -0.109697
   0.118334  -0.0879619
   0.089298  -0.0862386
     0.1165  -0.0696843
  0.0913822  -0.0535281
  -0.124544  -0.0219026
  0.0343961 -0.00465822
  -0.351467   0.0555102
  -0.198166   -0.291317
  -0.182342   -0.287232
  0.0302823    -0.25551
  -0.129615   -0.220751
  0.0329669   -0.216259
  0.0695005   -0.111243
  0.0548307  -0.0866352
   0.115294  -0.0677852
  -0.126102  -0.0220358
  -0.170987   -0.313859
  -0.141643   -0.278926
    0.03032   -0.255635
  0.0379916    -0.13523
  0.0742775  -0.0786388
  0.0841154   0.0131008
   -0.11472   -0.199593
  -0.185469   -0.290787
  -0.145404   -0.280082
  -0.120331   -0.207856
