   0.208366   -0.356425
   0.203401    -0.19991
   0.203261   -0.195121
   0.225027   -0.136469
   0.117412  -0.0164309
   0.109741  -0.0141011
   0.132047  -0.0133956
   0.171331   -0.304471
     0.2102   -0.271287
   0.390576   -0.263293
   0.215641   -0.214191
   0.203585    -0.19724
   0.224808   -0.136342
   0.117786  -0.0161322
   0.102374  -0.0136239
   0.132619  -0.0137339
   0.227669 -0.00677264
  -0.010454   0.0696609
-0.00975791   0.0757742
   0.174006   -0.304356
   0.209836   -0.271389
   0.224002   -0.136323
 0.00400922    0.072597
    0.22002    -0.21251
   0.206193   -0.197193
   0.217566   -0.186349
   0.115185  -0.0122816
   0.224326 -0.00630951
   0.179812   -0.304593
   0.207948   -0.272067
   0.237135   -0.190956
    0.23154   -0.199895
